# m= 
6 6 
# A= 
 
# A12 
[ 
 -81   36 -126  126  -36   90
-180   72 -333  297 -153  270
  20   -3   42  -33   17  -30
 -30   17  -33   42   -3   20
 270 -153  297 -333   72 -180
  90  -36  126 -126   36  -81
# max= 297, min= -333, negshift= 298 
] 
# A21 
[ 
  72 -180  297 -333  270 -153
  36  -81  126 -126   90  -36
  17  -30   42  -33   20   -3
  -3   20  -33   42  -30   17
 -36   90 -126  126  -81   36
-153  270 -333  297 -180   72
# max= 297, min= -333, negshift= 298 
]