# m= 
4 4 4 4
# A= 

# A12 
[ 
51 53 32 10
46 89 26 23
5 100 76 40
13 86 34 5
] 
# A13 
[ 
0 0 0 0
0 0 0 0
0 0 0 0
0 0 0 0
] 
# A14 
[ 
40 51 78 88
25 15 37 42
76 67 61 78
20 1 84 55
] 
# A21 
[ 
51 46 5 13
53 89 100 86
32 26 76 34
10 23 40 5
] 
# A23 
[ 
46 31 99 21
95 26 25 18
60 97 77 78
39 44 49 40
] 
# A24 
[ 
0 0 0 0
0 0 0 0
0 0 0 0
0 0 0 0
] 
# A31 
[ 
0 0 0 0
0 0 0 0
0 0 0 0
0 0 0 0
] 
# A32 
[ 
46 95 60 39
31 26 97 44
99 25 77 49
21 18 78 40
] 
# A34 
[ 
93 52 14 78
51 10 57 100
48 2 62 15
87 28 99 88
] 
# A41 
[ 
-40 -25 -76 -20
-51 -15 -67 -1
-78 -37 -61 -84
-88 -42 -78 -55
] 
# A42 
[ 
0 0 0 0
0 0 0 0
0 0 0 0
0 0 0 0
] 
# A43 
[ 
-93 -51 -48 -87
-52 -10 -2 -28
-14 -57 -62 -99
-78 -100 -15 -88
] 
