# m= 
4 4 4 4 4
# A= 

# A12 
[ 
17 75 18 6
26 84 93 58
93 67 99 34
97 93 75 70
] 
# A13 
[ 
33 85 33 5
59 19 66 69
54 15 57 100
56 68 92 76
] 
# A14 
[ 
26 62 44 79
54 48 93 22
90 99 54 66
55 2 50 90
] 
# A15 
[ 
63 63 64 66
29 84 88 34
72 68 12 31
49 72 78 49
] 
# A21 
[ 
17 26 93 97
75 84 67 93
18 93 99 75
6 58 34 70
] 
# A23 
[ 
0 0 0 0
0 0 0 0
0 0 0 0
0 0 0 0
] 
# A24 
[ 
0 0 0 0
0 0 0 0
0 0 0 0
0 0 0 0
] 
# A25 
[ 
0 0 0 0
0 0 0 0
0 0 0 0
0 0 0 0
] 
# A31 
[ 
33 59 54 56
85 19 15 68
33 66 57 92
5 69 100 76
] 
# A32 
[ 
0 0 0 0
0 0 0 0
0 0 0 0
0 0 0 0
] 
# A34 
[ 
0 0 0 0
0 0 0 0
0 0 0 0
0 0 0 0
] 
# A35 
[ 
0 0 0 0
0 0 0 0
0 0 0 0
0 0 0 0
] 
# A41 
[ 
-26 -54 -90 -55
-62 -48 -99 -2
-44 -93 -54 -50
-79 -22 -66 -90
] 
# A42 
[ 
0 0 0 0
0 0 0 0
0 0 0 0
0 0 0 0
] 
# A43 
[ 
0 0 0 0
0 0 0 0
0 0 0 0
0 0 0 0
] 
# A45 
[ 
0 0 0 0
0 0 0 0
0 0 0 0
0 0 0 0
] 
# A51 
[ 
-63 -29 -72 -49
-63 -84 -68 -72
-64 -88 -12 -78
-66 -34 -31 -49
] 
# A52 
[ 
0 0 0 0
0 0 0 0
0 0 0 0
0 0 0 0
] 
# A53 
[ 
0 0 0 0
0 0 0 0
0 0 0 0
0 0 0 0
] 
# A54 
[ 
0 0 0 0
0 0 0 0
0 0 0 0
0 0 0 0
] 
