# m= 
4 4 4 4
# A= 

# A12 
[ 
85 32 47 15
67 96 61 89
19 33 54 48
31 80 94 41
] 
# A13 
[ 
0 0 0 0
0 0 0 0
0 0 0 0
0 0 0 0
] 
# A14 
[ 
0 0 0 0
0 0 0 0
0 0 0 0
0 0 0 0
] 
# A21 
[ 
85 67 19 31
32 96 33 80
47 61 54 94
15 89 48 41
] 
# A23 
[ 
46 18 24 72
92 10 9 17
99 19 66 58
84 35 77 34
] 
# A24 
[ 
0 0 0 0
0 0 0 0
0 0 0 0
0 0 0 0
] 
# A31 
[ 
0 0 0 0
0 0 0 0
0 0 0 0
0 0 0 0
] 
# A32 
[ 
-46 -92 -99 -84
-18 -10 -19 -35
-24 -9 -66 -77
-72 -17 -58 -34
] 
# A34 
[ 
67 0 54 64
38 4 59 16
31 96 100 90
22 86 49 92
] 
# A41 
[ 
0 0 0 0
0 0 0 0
0 0 0 0
0 0 0 0
] 
# A42 
[ 
0 0 0 0
0 0 0 0
0 0 0 0
0 0 0 0
] 
# A43 
[ 
-67 -38 -31 -22
0 -4 -96 -86
-54 -59 -100 -49
-64 -16 -90 -92
] 
