# m= 
4 4 4 4
# A= 

# A12 
[ 
84 95 4 1
5 77 59 92
79 33 20 27
80 99 15 34
] 
# A13 
[ 
27 17 87 21
92 24 93 94
31 63 51 20
91 34 99 95
] 
# A14 
[ 
5 93 89 36
11 70 59 24
18 100 31 53
71 61 50 38
] 
# A21 
[ 
84 5 79 80
95 77 33 99
4 59 20 15
1 92 27 34
] 
# A23 
[ 
33 73 13 53
6 57 17 67
95 34 63 46
10 14 56 10
] 
# A24 
[ 
43 23 24 58
8 73 59 40
29 90 18 41
64 89 98 51
] 
# A31 
[ 
-27 -92 -31 -91
-17 -24 -63 -34
-87 -93 -51 -99
-21 -94 -20 -95
] 
# A32 
[ 
-33 -6 -95 -10
-73 -57 -34 -14
-13 -17 -63 -56
-53 -67 -46 -10
] 
# A34 
[ 
69 21 31 43
79 54 28 37
30 64 14 45
72 5 2 44
] 
# A41 
[ 
5 11 18 71
93 70 100 61
89 59 31 50
36 24 53 38
] 
# A42 
[ 
43 8 29 64
23 73 90 89
24 59 18 98
58 40 41 51
] 
# A43 
[ 
-69 -79 -30 -72
-21 -54 -64 -5
-31 -28 -14 -2
-43 -37 -45 -44
] 
